27430,29798,136063,161625,147494,102171,65580,89546,48385,103003,263891,665051,190551,85861,255014,102938,4609,16840,167623,15566,124862,265125,318514,62461,116699,15274,101345,13230,128531,229654,31123,112752,115410,198398,102076,98172,250215,30036,427062,373143,587672,111730,322820,283114,23858,153724,117552,241813,24893,50764,
425632,52671,41440,383909,996494,199018,643116,667322,38972,556079,936878,18959,266992,338985,471126,329977,357083,272687,725762,10602,641026,183605,775646,661007,450859,459241,116978,146761,409013,352993,48040,509383,1129918,997376,474056,378262,449529,59103,17605,1804996,308737,760295,32789,260791,312413,623819,1030160,723596,38986,891057,
1651418,134228,401970,158419,656199,961204,3391325,4466763,502504,245875,1118039,2349044,716570,571318,1627919,798304,1401947,1153786,482696,123206,1209127,3683986,1389860,996345,45174,314397,601774,456454,9527,322887,243240,2534299,2179934,302571,3815024,748892,126110,96843,116663,601250,467470,767441,2180315,73358,11133681,1729189,1895516,32023,158616,463202,
2643712,866808,1081356,19457822,2896125,506630,1671353,1763556,4703678,9967859,1471465,555045,5256382,1607928,3765866,5458613,598959,1187324,1039648,313197,554885,4636661,606836,2007602,268942,101827,636876,271054,1430619,158282,418469,6353125,752870,813817,21586,1325445,2942467,4127345,3547494,2613062,2469790,2997752,2361447,1450061,1756186,190564,448893,2065522,537322,924842,
579398,800764,1492095,3044965,4611665,1398258,1345032,2613484,4512902,23402,11419039,854781,4847995,3444330,1445052,2819641,4147114,1679105,4055291,4031628,5388179,2433308,10041371,4748700,4119700,2362429,2423313,4955281,756367,2058830,564190,4187596,2262714,373729,3055161,5711409,4058991,1976513,10378520,931221,914361,343201,9019115,12652304,4447795,11665037,1087810,518576,10622225,3148591,
7954236,144935,11853454,1348996,3477810,3984322,5964352,13296571,10203252,6557619,3452832,5153627,528376,3712130,17153103,1745398,15349365,16271886,3953585,919614,612158,830615,19919479,3787370,2952846,3987828,9739845,7248145,4988712,5238933,2284414,4346917,5185501,7697121,19041447,7025610,8472078,10157586,12565933,9567282,27557010,518405,8230138,5257385,16368622,889317,7463618,7098339,4519316,9361240,
1461454,10914359,4953478,32103834,7142692,5844503,835828,9322397,9214516,55058125,12045673,6619411,4588045,7334834,4367159,28465402,26056728,18771778,3866275,12589623,19039920,27169568,2137576,8663095,1199793,5877684,9056725,19043109,5997977,16996914,1549101,10291425,3482657,1510620,583249,23756870,39446355,8521754,1772753,17595271,3995681,15612031,1222433,9739525,8238374,2987690,14953479,6891196,10124130,2124725,
36146453,8371573,6164097,17812109,3381592,16616317,15474431,8916311,6799960,33083293,4764816,6538115,38531103,66477859,8173224,18869369,5377732,13867853,24777343,4720416,6516835,1724330,2905545,19026591,1487244,31919826,7747761,5856373,34450315,21897496,1192745,7406163,1359669,15228860,804896,3422042,26667560,9687662,3463908,47098182,23430254,40420217,43545223,2114106,23443928,8461659,23369349,8899691,257435,4741804,
23112512,14362791,34534295,3834097,5530772,7752467,13755567,15773228,5208899,8798714,287296,7831620,4899636,4683782,2558444,55652344,25438432,4556144,9507108,852072,64922747,34403326,39934484,15595907,41382294,24602938,13137583,3387882,52003001,12847015,2166901,14490204,3248055,6952750,13396719,6058687,2346084,31408184,5587908,3034983,77341601,6640425,44867962,25729705,9199236,6938443,86030346,26373058,16283693,11986123,
535381,50834673,64366768,455461,19788728,621237,3744520,47061959,13460461,9081929,22363856,36756933,22580794,30506337,30228125,19711568,638215,31734002,66558892,73488531,40897014,46548688,18630125,21076203,13766681,108930788,82026195,43494764,4306909,5068308,686221,26664848,15301669,17421669,4968091,2175792,47886417,62364530,24982505,59729868,168547,10269821,3994450,25014956,18949231,52242194,26298425,33945600,41350518,47172717,
51010029,10119410,8566960,15644210,50870435,48612321,1992581,32507769,4551851,1466199,11453760,51664048,2981784,10050049,12953774,20670529,9860728,37420473,29565383,6177222,4556880,2479615,58234072,99145700,42632640,21838655,47045311,246209,58397462,25315681,62433249,701530,14670715,96180130,29553932,8958025,1744347,14355221,26795645,4503980,13985981,67397611,10584121,1106765,22291181,1028432,57155088,44781548,4057244,21827330,
19038203,41683762,11534291,16538210,113638952,25726197,632004,1350274,89774060,78973736,17930317,48566188,113636326,29323546,24702661,98893448,74434758,11145911,46013140,41890688,1246302,34169645,19303400,9160023,24567062,54219923,53208567,14641250,30261026,89302898,46665325,16130469,124023438,26822342,174983751,59617489,44472883,28492670,10000272,14203073,29091702,817105,7846083,10675688,9107709,4374468,3551817,24731949,83821055,20531087,
1506065,45780685,4193491,95405311,55264175,6039757,2652824,77844527,18928794,41129662,101358559,5615940,3435746,75401703,22966772,113961439,38877118,1017304,5142216,1135581,174351741,19008593,38111286,47528339,28786121,90618001,2649435,38170906,35761989,86364537,21163311,28663726,37321030,36232309,80213271,13425471,13116620,255888313,86272418,56291452,18758167,13623988,44751607,10394805,50401814,29886937,23998725,27904847,9666926,12939459,
132283394,19670983,4378389,34565129,116794989,12186892,14491044,1366192,26333560,271820,23361071,192540129,8116481,99913743,72610672,318180554,321130743,8672377,78874016,69459558,13261791,54008716,50820286,42546218,68920330,169260533,81000384,79094603,68791218,6926325,64361580,235984070,222891413,67063146,87108004,2535175,61008055,246963952,37814508,33074867,32749502,16381042,71851621,265013187,22141349,29015019,71242853,80423491,19410166,134363253,
6212607,60538868,94991100,191898284,89159782,170257143,150318893,66682080,23486732,4999935,8543848,94464512,42920526,3556693,121892039,58058459,53400997,39841532,71218621,70286154,292967484,10816627,22457538,93017607,81699843,72280790,7832735,190231811,77371807,813147,77585565,2974138,73640692,32165932,39837046,38415820,61221422,7666375,73272565,68039912,95488128,321603709,185699274,64613062,185445148,47385785,42898322,26477038,63905114,434424,
17896561,44970749,7250033,107685863,284593707,228041652,37481320,9102668,41695781,276353780,68443950,264949008,72108770,147267727,123552962,140594313,44872434,169122302,22937335,302045012,36643553,128968662,76140772,273276191,48420967,83549492,41087021,111360902,204295911,36460040,41055590,40525723,140248525,44446819,46180723,181854353,152287376,37915729,22902090,53121660,103070258,129779925,2544612,116743927,26103413,13156145,34748860,15538213,81659578,69666379,
180588480,92869649,69979680,291853607,183065824,19876448,41033306,68755288,136340265,174991636,31597542,168398366,55356814,36612531,187390642,48161989,41963038,42623914,78901316,581293,379130286,60046275,404092651,17751549,72465041,29053231,89562957,12327893,97160748,64569177,174755595,109692241,59885365,112559739,280574630,49032138,38516863,22858799,24209670,27310281,85262308,38478632,29987781,212784126,70955160,40390338,9735689,86411459,7513522,361009890,
69208760,137850613,115207168,145486979,87647659,33121433,12983530,25640999,395401391,3220463,110447102,176530676,5924422,605618401,157666644,9913931,217752167,260098419,64682745,33898939,26372880,240297585,26681902,17572676,18577457,119793769,118139074,180371389,21167127,136969633,77094346,179241047,160380305,164618197,136702140,5754913,70207948,262457631,61749757,40772495,101725224,25213346,26874751,47307173,2262698,17247187,502365172,20479524,63219463,68700693,
121965669,75181214,93180434,71097518,407574934,122056214,96807753,1492531,235773077,246807447,30707115,111710043,51512107,64777318,19610308,371678825,337799118,102662990,382784508,53376586,309049556,15729377,118567158,10921555,102624576,4308688,40581202,133952524,111701400,220117588,8492693,223665045,95259614,184446149,43711961,92821914,147075946,84782135,115587068,524221208,463908880,44353276,131695372,388210947,97996369,563869869,26023582,116710448,80967361,123506045,
